# Delta Yaws (degrees)
1.797500000000000000e+02
6.000000000000000000e+00
5.212500000000000000e+01
1.512500000000000000e+01
4.262500000000000000e+01
1.580000000000000000e+02
1.687500000000000000e+01
1.325000000000000000e+01
4.375000000000000000e+00
1.591250000000000000e+02
1.000000000000000000e+00
2.625000000000000000e+00
5.875000000000000000e+00
1.100000000000000000e+01
1.726250000000000000e+02
1.315000000000000000e+02
1.163750000000000000e+02
1.547500000000000000e+02
5.662500000000000000e+01
1.793750000000000000e+02
5.625000000000000000e+00
1.618750000000000000e+02
1.037500000000000000e+01
8.375000000000000000e+00
1.615000000000000000e+02
1.476250000000000000e+02
1.537500000000000000e+01
1.683750000000000000e+02
4.200000000000000000e+01
4.150000000000000000e+01
1.782500000000000000e+02
1.171250000000000000e+02
5.250000000000000000e+00
4.250000000000000000e+00
3.125000000000000000e+00
4.250000000000000000e+00
1.625000000000000000e+00
3.337500000000000000e+01
1.390000000000000000e+02
2.212500000000000000e+01
2.737500000000000000e+01
1.193750000000000000e+02
4.600000000000000000e+01
1.512500000000000000e+01
1.646250000000000000e+02
1.750000000000000000e+01
1.375000000000000000e+00
8.500000000000000000e+00
2.675000000000000000e+01
8.675000000000000000e+01
7.012500000000000000e+01
5.750000000000000000e+00
1.536250000000000000e+02
2.612500000000000000e+01
1.070000000000000000e+02
1.096250000000000000e+02
1.285000000000000000e+02
1.245000000000000000e+02
1.712500000000000000e+01
7.500000000000000000e+00
9.375000000000000000e+00
5.000000000000000000e-01
1.412500000000000000e+01
1.728750000000000000e+02
1.237500000000000000e+01
1.630000000000000000e+02
1.612500000000000000e+01
1.755000000000000000e+02
1.053750000000000000e+02
1.482500000000000000e+02
8.437500000000000000e+01
2.850000000000000000e+01
5.250000000000000000e+00
1.362500000000000000e+01
9.000000000000000000e+00
1.090000000000000000e+02
1.075000000000000000e+01
4.562500000000000000e+01
1.787500000000000000e+02
1.705000000000000000e+02
9.000000000000000000e+00
2.200000000000000000e+01
7.500000000000000000e-01
1.162500000000000000e+02
1.837500000000000000e+01
1.683750000000000000e+02
1.680000000000000000e+02
3.750000000000000000e+01
1.741250000000000000e+02
1.212500000000000000e+01
4.875000000000000000e+00
1.790000000000000000e+02
8.750000000000000000e+01
8.312500000000000000e+01
2.237500000000000000e+01
2.475000000000000000e+01
3.612500000000000000e+01
8.500000000000000000e+00
8.612500000000000000e+01
1.587500000000000000e+01
6.250000000000000000e+00
6.250000000000000000e-01
5.000000000000000000e-01
2.087500000000000000e+01
9.362500000000000000e+01
4.475000000000000000e+01
1.562500000000000000e+01
1.442500000000000000e+02
1.368750000000000000e+02
1.787500000000000000e+02
1.778750000000000000e+02
6.000000000000000000e+00
2.537500000000000000e+01
1.487500000000000000e+01
1.757500000000000000e+02
1.476250000000000000e+02
1.663750000000000000e+02
1.465000000000000000e+02
2.350000000000000000e+01
6.825000000000000000e+01
2.850000000000000000e+01
1.625000000000000000e+00
1.262500000000000000e+01
1.743750000000000000e+02
1.152500000000000000e+02
5.887500000000000000e+01
6.625000000000000000e+00
1.575000000000000000e+01
4.612500000000000000e+01
1.438750000000000000e+02
5.737500000000000000e+01
3.237500000000000000e+01
1.692500000000000000e+02
8.112500000000000000e+01
4.437500000000000000e+01
1.250000000000000000e+00
3.600000000000000000e+01
8.000000000000000000e+00
1.723750000000000000e+02
1.797500000000000000e+02
2.400000000000000000e+01
1.075000000000000000e+01
8.625000000000000000e+00
5.125000000000000000e+00
1.781250000000000000e+02
1.436250000000000000e+02
1.658750000000000000e+02
2.700000000000000000e+01
1.791250000000000000e+02
1.096250000000000000e+02
4.875000000000000000e+00
1.600000000000000000e+02
9.875000000000000000e+00
1.750000000000000000e+02
6.725000000000000000e+01
4.500000000000000000e+00
1.787500000000000000e+01
1.962500000000000000e+01
1.351250000000000000e+02
1.025000000000000000e+01
1.130000000000000000e+02
1.268750000000000000e+02
3.775000000000000000e+01
5.412500000000000000e+01
1.050000000000000000e+01
3.000000000000000000e+00
1.730000000000000000e+02
4.500000000000000000e+01
1.690000000000000000e+02
1.747500000000000000e+02
3.412500000000000000e+01
6.162500000000000000e+01
1.682500000000000000e+02
1.412500000000000000e+01
1.800000000000000000e+02
1.487500000000000000e+01
8.875000000000000000e+00
