# Delta Yaws (degrees)
1.000000000000000000e+02
1.206250000000000000e+02
1.187500000000000000e+01
3.912500000000000000e+01
0.000000000000000000e+00
1.756250000000000000e+02
1.526250000000000000e+02
7.512500000000000000e+01
2.500000000000000000e+01
6.062500000000000000e+01
1.788750000000000000e+02
8.875000000000000000e+00
3.587500000000000000e+01
1.706250000000000000e+02
6.250000000000000000e-01
9.562500000000000000e+01
5.625000000000000000e+00
3.500000000000000000e+00
7.750000000000000000e+01
8.012500000000000000e+01
9.625000000000000000e+00
1.715000000000000000e+02
1.875000000000000000e+00
7.000000000000000000e+00
5.662500000000000000e+01
5.750000000000000000e+00
1.733750000000000000e+02
1.250000000000000000e-01
1.750000000000000000e+02
5.887500000000000000e+01
6.250000000000000000e-01
4.787500000000000000e+01
1.798750000000000000e+02
1.575000000000000000e+01
9.250000000000000000e+01
1.375000000000000000e+00
1.477500000000000000e+02
2.000000000000000000e+01
9.700000000000000000e+01
5.000000000000000000e-01
3.400000000000000000e+01
1.283750000000000000e+02
1.337500000000000000e+01
1.717500000000000000e+02
9.500000000000000000e+00
7.500000000000000000e+00
1.552500000000000000e+02
7.000000000000000000e+00
3.012500000000000000e+01
1.140000000000000000e+02
2.550000000000000000e+01
1.252500000000000000e+02
3.837500000000000000e+01
1.193750000000000000e+02
2.175000000000000000e+01
4.200000000000000000e+01
5.312500000000000000e+01
0.000000000000000000e+00
3.250000000000000000e+00
8.612500000000000000e+01
1.631250000000000000e+02
1.548750000000000000e+02
1.685000000000000000e+02
1.462500000000000000e+01
2.675000000000000000e+01
1.593750000000000000e+02
1.610000000000000000e+02
1.731250000000000000e+02
1.000000000000000000e+00
8.375000000000000000e+00
4.787500000000000000e+01
2.312500000000000000e+01
7.875000000000000000e+00
1.875000000000000000e+00
1.062500000000000000e+01
1.550000000000000000e+01
4.925000000000000000e+01
7.537500000000000000e+01
1.742500000000000000e+02
7.012500000000000000e+01
1.777500000000000000e+02
2.537500000000000000e+01
9.625000000000000000e+00
2.462500000000000000e+01
7.675000000000000000e+01
1.250000000000000000e-01
1.746250000000000000e+02
7.500000000000000000e+00
1.325000000000000000e+01
1.500000000000000000e+00
3.875000000000000000e+01
1.560000000000000000e+02
4.362500000000000000e+01
2.037500000000000000e+01
9.375000000000000000e+00
7.975000000000000000e+01
9.562500000000000000e+01
1.771250000000000000e+02
7.625000000000000000e+00
5.375000000000000000e+00
3.250000000000000000e+01
6.150000000000000000e+01
4.750000000000000000e+01
7.250000000000000000e+00
2.750000000000000000e+00
5.750000000000000000e+00
3.625000000000000000e+00
1.113750000000000000e+02
3.200000000000000000e+01
1.097500000000000000e+02
5.125000000000000000e+00
1.825000000000000000e+01
1.777500000000000000e+02
8.500000000000000000e+00
1.037500000000000000e+02
8.875000000000000000e+00
4.125000000000000000e+00
1.613750000000000000e+02
4.262500000000000000e+01
4.362500000000000000e+01
1.535000000000000000e+02
1.306250000000000000e+02
1.211250000000000000e+02
2.262500000000000000e+01
9.875000000000000000e+00
1.150000000000000000e+02
1.937500000000000000e+01
1.441250000000000000e+02
2.500000000000000000e-01
1.368750000000000000e+02
1.275000000000000000e+01
5.400000000000000000e+01
3.125000000000000000e+00
1.362500000000000000e+01
2.437500000000000000e+01
6.137500000000000000e+01
7.500000000000000000e-01
1.618750000000000000e+02
1.400000000000000000e+01
8.500000000000000000e+00
1.263750000000000000e+02
3.500000000000000000e+00
1.275000000000000000e+01
3.875000000000000000e+00
3.937500000000000000e+01
1.436250000000000000e+02
5.875000000000000000e+00
1.401250000000000000e+02
1.758750000000000000e+02
1.336250000000000000e+02
1.925000000000000000e+01
5.537500000000000000e+01
7.500000000000000000e-01
2.950000000000000000e+01
6.750000000000000000e+00
1.287500000000000000e+01
3.275000000000000000e+01
2.750000000000000000e+00
1.693750000000000000e+02
2.237500000000000000e+01
1.412500000000000000e+01
1.062500000000000000e+01
4.350000000000000000e+01
4.750000000000000000e+00
2.637500000000000000e+01
9.875000000000000000e+00
1.731250000000000000e+02
3.475000000000000000e+01
1.513750000000000000e+02
1.250000000000000000e-01
1.752500000000000000e+02
1.975000000000000000e+01
2.412500000000000000e+01
5.912500000000000000e+01
2.725000000000000000e+01
1.732500000000000000e+02
1.753750000000000000e+02


Mean Delta Yaw Error: 61.99505649717514
Standard Deviation of Delta Yaw Error: 62.56002394760165
Median Delta Yaw Error: 32.75
