# Delta Yaws (degrees)
5.125000000000000000e+00
1.200000000000000000e+01
1.323750000000000000e+02
1.200000000000000000e+01
1.687500000000000000e+01
5.575000000000000000e+01
1.332500000000000000e+02
3.125000000000000000e+00
2.337500000000000000e+01
1.545000000000000000e+02
6.500000000000000000e+00
1.707500000000000000e+02
1.522500000000000000e+02
7.037500000000000000e+01
8.037500000000000000e+01
1.656250000000000000e+02
2.000000000000000000e+01
4.362500000000000000e+01
1.371250000000000000e+02
3.125000000000000000e+00
1.690000000000000000e+02
1.875000000000000000e+01
8.000000000000000000e+00
6.875000000000000000e+00
1.937500000000000000e+01
1.750000000000000000e+00
1.781250000000000000e+02
6.000000000000000000e+00
1.603750000000000000e+02
2.000000000000000000e+00
1.033750000000000000e+02
3.850000000000000000e+01
1.770000000000000000e+02
2.037500000000000000e+01
4.075000000000000000e+01
3.300000000000000000e+01
7.125000000000000000e+00
1.125000000000000000e+01
4.750000000000000000e+00
6.250000000000000000e+00
1.792500000000000000e+02
1.676250000000000000e+02
2.625000000000000000e+00
6.775000000000000000e+01
1.321250000000000000e+02
1.470000000000000000e+02
1.657500000000000000e+02
1.250000000000000000e+01
1.205000000000000000e+02
7.500000000000000000e-01
9.000000000000000000e+00
8.750000000000000000e+00
9.737500000000000000e+01
2.287500000000000000e+01
2.500000000000000000e+01
6.125000000000000000e+00
1.026250000000000000e+02
7.625000000000000000e+00
1.475000000000000000e+01
9.000000000000000000e+00
1.603750000000000000e+02
5.475000000000000000e+01
3.812500000000000000e+01
1.762500000000000000e+01
3.000000000000000000e+00
2.375000000000000000e+00
1.100000000000000000e+01
7.000000000000000000e+01
1.875000000000000000e+00
2.500000000000000000e-01
2.175000000000000000e+01
9.587500000000000000e+01
2.125000000000000000e+01
4.000000000000000000e+00
5.900000000000000000e+01
1.378750000000000000e+02
3.500000000000000000e+00
8.900000000000000000e+01
1.137500000000000000e+01
8.637500000000000000e+01
9.625000000000000000e+00
2.925000000000000000e+01
1.132500000000000000e+02
2.625000000000000000e+00
1.721250000000000000e+02
2.837500000000000000e+01
7.350000000000000000e+01
1.207500000000000000e+02
8.625000000000000000e+00
5.000000000000000000e+00
1.705000000000000000e+02
3.750000000000000000e-01
1.000000000000000000e+00
9.662500000000000000e+01
1.246250000000000000e+02
4.175000000000000000e+01
1.140000000000000000e+02
6.250000000000000000e-01
2.000000000000000000e+00
9.000000000000000000e+00
1.442500000000000000e+02
2.250000000000000000e+00
4.825000000000000000e+01
4.875000000000000000e+00
3.250000000000000000e+00
1.037500000000000000e+01
2.362500000000000000e+01
7.375000000000000000e+00
2.462500000000000000e+01
1.558750000000000000e+02
7.875000000000000000e+00
1.332500000000000000e+02
4.125000000000000000e+00
6.725000000000000000e+01
1.757500000000000000e+02
1.787500000000000000e+01
6.125000000000000000e+00
4.300000000000000000e+01
2.062500000000000000e+01
2.175000000000000000e+01
1.617500000000000000e+02
1.222500000000000000e+02
0.000000000000000000e+00
5.500000000000000000e+01
1.792500000000000000e+02
1.783750000000000000e+02
1.517500000000000000e+02
1.250000000000000000e-01
7.425000000000000000e+01
1.746250000000000000e+02
5.812500000000000000e+01
1.025000000000000000e+01
1.925000000000000000e+01
2.250000000000000000e+01
1.743750000000000000e+02
1.646250000000000000e+02
1.748750000000000000e+02
2.212500000000000000e+01
2.237500000000000000e+01
5.125000000000000000e+00
4.050000000000000000e+01
9.862500000000000000e+01
5.875000000000000000e+00
6.250000000000000000e-01
3.037500000000000000e+01
3.000000000000000000e+00
2.462500000000000000e+01
2.825000000000000000e+01
1.506250000000000000e+02
1.375000000000000000e+00
1.738750000000000000e+02
1.410000000000000000e+02
7.137500000000000000e+01
9.800000000000000000e+01
1.773750000000000000e+02
1.160000000000000000e+02
2.987500000000000000e+01
6.700000000000000000e+01
3.750000000000000000e-01
7.375000000000000000e+00
4.650000000000000000e+01
7.300000000000000000e+01
2.000000000000000000e+01
1.350000000000000000e+02
2.500000000000000000e+00
1.760000000000000000e+02
1.000000000000000000e+02
2.900000000000000000e+01
1.462500000000000000e+01
1.573750000000000000e+02
1.238750000000000000e+02
5.750000000000000000e+00
1.287500000000000000e+01
1.543750000000000000e+02
3.475000000000000000e+01
9.625000000000000000e+00
2.912500000000000000e+01


Mean Delta Yaw Error: 61.054378531073446
Standard Deviation of Delta Yaw Error: 62.25526909071456
Median Delta Yaw Error: 29.0
