# Delta Yaws (degrees)
1.442857142857144481e+01
1.300000000000000000e+01
1.704285714285714448e+02
3.885714285714286120e+01
1.194285714285714448e+02
9.942857142857144481e+01
3.428571428571444812e+00
1.127142857142857224e+02
5.685714285714288962e+01
2.771428571428572241e+01
5.800000000000000000e+01
1.584285714285714448e+02
2.371428571428572241e+01
8.057142857142858361e+01
7.042857142857144481e+01
3.000000000000000000e+01
1.300000000000000000e+01
9.142857142857138797e+00
2.614285714285716722e+01
2.285714285714286120e+01
7.071428571428572241e+01
4.714285714285722406e+00
1.480000000000000000e+02
3.214285714285713880e+01
1.478571428571428328e+02
1.770000000000000000e+02
4.914285714285716722e+01
4.671428571428572241e+01
1.010000000000000000e+02
4.900000000000000000e+01
6.142857142857138797e+00
1.217142857142857224e+02
1.010000000000000000e+02
7.485714285714286120e+01
1.164285714285714448e+02
1.380000000000000000e+02
5.685714285714286120e+01
1.547142857142856656e+02
8.714285714285722406e+00
2.885714285714286120e+01
4.142857142857138797e+00
1.157142857142855519e+01
2.514285714285713880e+01
1.264285714285714448e+02
9.614285714285713880e+01
6.000000000000000000e+00
2.142857142857144481e+01
1.675714285714285836e+02
7.657142857142855519e+01
5.485714285714288962e+01
5.071428571428566556e+01
6.571428571428566556e+01
1.037142857142857224e+02
6.857142857142861203e+00
5.528571428571427759e+01
9.142857142857110375e+00
2.642857142857141639e+01
4.185714285714288962e+01
5.257142857142855519e+01
7.385714285714286120e+01
1.460000000000000000e+02
1.674285714285714448e+02
3.857142857142855519e+01
2.385714285714286120e+01
9.000000000000000000e+00
7.000000000000000000e+01
1.302857142857142776e+02
8.314285714285711038e+01
1.928571428571430602e+01
1.667142857142857224e+02
4.800000000000000000e+01
3.714285714285722406e+00
8.814285714285711038e+01
4.414285714285713880e+01
1.717142857142857224e+02
1.354285714285714448e+02
7.857142857142855519e+01
1.765714285714285836e+02
1.785714285714288962e+01
1.308571428571428896e+02
1.127142857142856656e+02
1.514285714285716722e+01
1.315714285714285552e+02
1.285714285714277594e+00
1.072857142857142776e+02
1.500000000000000000e+01
7.157142857142855519e+01
1.214285714285713880e+01
3.028571428571430602e+01
2.300000000000000000e+01
7.414285714285713880e+01
1.760000000000000000e+02
1.515714285714285552e+02
4.257142857142855519e+01
1.142857142857142918e+02
1.344285714285714448e+02
2.528571428571427759e+01
2.428571428571444812e+00
4.242857142857141639e+01
1.310000000000000000e+02
1.017142857142857224e+02
1.114285714285713880e+01
1.540000000000000000e+02
4.100000000000000000e+01
2.471428571428572241e+01
1.504285714285714448e+02
5.457142857142858361e+01
8.528571428571429180e+01
1.014285714285711038e+01
4.957142857142858361e+01
4.028571428571427759e+01
3.885714285714283278e+01
2.871428571428572241e+01
4.457142857142855519e+01
1.150000000000000000e+02
2.514285714285713880e+01
1.287142857142857224e+02
1.447142857142857224e+02
4.514285714285713880e+01
1.604285714285714448e+02
1.607142857142857224e+02
2.785714285714288962e+01
3.757142857142855519e+01
1.087142857142857224e+02
1.361428571428571388e+02
8.000000000000000000e+00
1.764285714285714448e+02
4.071428571428572241e+01
1.541428571428571672e+02
4.428571428571427759e+01
1.971428571428572241e+01
2.400000000000000000e+01
1.722857142857142776e+02
1.635714285714285836e+02
1.828571428571427759e+01
9.885714285714286120e+01
1.634285714285714448e+02
1.428571428571427759e+01
1.240000000000000000e+02
1.771428571428571104e+02
8.714285714285722406e+00
4.685714285714288962e+01
8.828571428571427759e+01
5.914285714285713880e+01
1.548571428571428328e+02
2.842857142857141639e+01
5.071428571428572241e+01
9.471428571428572241e+01
6.300000000000000000e+01
1.248571428571428896e+02
1.204285714285714448e+02
8.142857142857138797e+00
1.004285714285714448e+02
5.771428571428572241e+01
6.028571428571427759e+01
1.245714285714285552e+02
1.388571428571428896e+02
6.628571428571427759e+01
1.444285714285714448e+02
6.357142857142858361e+01
1.720000000000000000e+02
4.814285714285713880e+01
5.285714285714306016e+00
1.155714285714285552e+02
1.095714285714285836e+02
6.828571428571427759e+01
3.371428571428572241e+01
3.014285714285713880e+01
1.300000000000000000e+02
8.128571428571430602e+01
1.454285714285714448e+02
2.285714285714277594e+00
1.450000000000000000e+02
4.328571428571427759e+01
1.620000000000000000e+02
1.331428571428571104e+02
1.235714285714285552e+02


Mean Delta Yaw Error: 76.26472962066183
Standard Deviation of Delta Yaw Error: 54.445277772630014
Median Delta Yaw Error: 63.0
