# Delta Yaws (degrees)
1.215000000000000000e+02
4.625000000000000000e+00
2.237500000000000000e+01
1.671250000000000000e+02
1.100000000000000000e+01
1.187500000000000000e+01
3.125000000000000000e+01
1.681250000000000000e+02
8.125000000000000000e+00
1.550000000000000000e+02
1.025000000000000000e+01
6.000000000000000000e+00
5.812500000000000000e+01
3.750000000000000000e-01
1.136250000000000000e+02
7.475000000000000000e+01
6.950000000000000000e+01
2.962500000000000000e+01
2.112500000000000000e+01
1.437500000000000000e+01
1.375000000000000000e+00
7.375000000000000000e+00
1.301250000000000000e+02
1.291250000000000000e+02
1.750000000000000000e+00
1.532500000000000000e+02
1.450000000000000000e+01
7.675000000000000000e+01
1.613750000000000000e+02
1.600000000000000000e+01
6.175000000000000000e+01
4.125000000000000000e+00
7.125000000000000000e+00
9.962500000000000000e+01
4.112500000000000000e+01
1.496250000000000000e+02
8.762500000000000000e+01
1.250000000000000000e-01
1.625000000000000000e+00
8.375000000000000000e+00
2.325000000000000000e+01
2.000000000000000000e+00
4.200000000000000000e+01
1.975000000000000000e+01
1.547500000000000000e+02
1.172500000000000000e+02
1.718750000000000000e+02
1.642500000000000000e+02
1.597500000000000000e+02
2.537500000000000000e+01
1.212500000000000000e+01
2.750000000000000000e+01
3.837500000000000000e+01
1.578750000000000000e+02
1.200000000000000000e+01
5.625000000000000000e+01
1.706250000000000000e+02
1.186250000000000000e+02
1.187500000000000000e+01
1.772500000000000000e+02
1.950000000000000000e+01
4.375000000000000000e+00
4.162500000000000000e+01
5.662500000000000000e+01
1.768750000000000000e+02
4.175000000000000000e+01
1.100000000000000000e+01
1.103750000000000000e+02
1.750000000000000000e+01
1.743750000000000000e+02
3.350000000000000000e+01
3.500000000000000000e+00
1.800000000000000000e+01
1.600000000000000000e+01
9.412500000000000000e+01
3.612500000000000000e+01
4.900000000000000000e+01
1.558750000000000000e+02
5.125000000000000000e+00
3.750000000000000000e-01
4.437500000000000000e+01
1.563750000000000000e+02
5.550000000000000000e+01
1.755000000000000000e+02
1.486250000000000000e+02
1.551250000000000000e+02
1.788750000000000000e+02
1.751250000000000000e+02
1.112500000000000000e+01
5.375000000000000000e+00
1.745000000000000000e+02
1.133750000000000000e+02
1.237500000000000000e+01
3.750000000000000000e-01
7.375000000000000000e+01
1.412500000000000000e+01
1.017500000000000000e+02
3.625000000000000000e+00
5.425000000000000000e+01
1.388750000000000000e+02
6.875000000000000000e+00
7.362500000000000000e+01
1.772500000000000000e+02
3.475000000000000000e+01
8.175000000000000000e+01
1.621250000000000000e+02
1.760000000000000000e+02
7.500000000000000000e-01
1.513750000000000000e+02
2.212500000000000000e+01
1.130000000000000000e+02
9.987500000000000000e+01
1.187500000000000000e+01
5.000000000000000000e-01
6.875000000000000000e+00
3.212500000000000000e+01
6.937500000000000000e+01
5.750000000000000000e+00
2.250000000000000000e+01
1.737500000000000000e+01
1.673750000000000000e+02
3.225000000000000000e+01
9.687500000000000000e+01
2.775000000000000000e+01
5.137500000000000000e+01
1.733750000000000000e+02
3.775000000000000000e+01
1.662500000000000000e+01
1.625000000000000000e+00
1.717500000000000000e+02
1.537500000000000000e+01
9.800000000000000000e+01
1.360000000000000000e+02
9.262500000000000000e+01
1.125000000000000000e+01
1.768750000000000000e+02
1.790000000000000000e+02
1.556250000000000000e+02
5.500000000000000000e+00
1.141250000000000000e+02
1.768750000000000000e+02
1.037500000000000000e+02
1.043750000000000000e+02
7.700000000000000000e+01
7.387500000000000000e+01
2.825000000000000000e+01
8.875000000000000000e+00
3.375000000000000000e+01
1.162500000000000000e+02
8.237500000000000000e+01
5.300000000000000000e+01
1.715000000000000000e+02
1.520000000000000000e+02
1.458750000000000000e+02
2.125000000000000000e+00
3.787500000000000000e+01
1.746250000000000000e+02
1.461250000000000000e+02
1.812500000000000000e+01
3.250000000000000000e+00
3.475000000000000000e+01
5.412500000000000000e+01
1.740000000000000000e+02
6.475000000000000000e+01
1.050000000000000000e+01
3.375000000000000000e+01
7.250000000000000000e+01
4.962500000000000000e+01
1.750000000000000000e+00
1.026250000000000000e+02
1.272500000000000000e+02
1.695000000000000000e+02
4.975000000000000000e+01
6.462500000000000000e+01
5.675000000000000000e+01
8.250000000000000000e+00
1.446250000000000000e+02



median is 53.0 degrees