# Delta Yaws (degrees)
7.375000000000000000e+01
1.667500000000000000e+02
3.062500000000000000e+01
1.466250000000000000e+02
2.062500000000000000e+01
1.500000000000000000e+00
6.250000000000000000e-01
1.330000000000000000e+02
1.761250000000000000e+02
1.548750000000000000e+02
2.125000000000000000e+00
1.153750000000000000e+02
1.312500000000000000e+01
4.500000000000000000e+00
2.125000000000000000e+01
6.000000000000000000e+00
1.641250000000000000e+02
1.760000000000000000e+02
1.687500000000000000e+02
7.750000000000000000e+00
1.703750000000000000e+02
2.687500000000000000e+01
2.112500000000000000e+01
1.790000000000000000e+02
6.200000000000000000e+01
1.622500000000000000e+02
8.750000000000000000e-01
1.625000000000000000e+00
5.187500000000000000e+01
7.750000000000000000e+00
1.746250000000000000e+02
7.237500000000000000e+01
1.246250000000000000e+02
3.375000000000000000e+00
3.000000000000000000e+00
3.837500000000000000e+01
1.678750000000000000e+02
1.837500000000000000e+01
1.286250000000000000e+02
1.300000000000000000e+01
1.555000000000000000e+02
3.262500000000000000e+01
4.625000000000000000e+01
2.125000000000000000e+00
6.000000000000000000e+00
1.683750000000000000e+02
1.368750000000000000e+02
1.600000000000000000e+01
8.750000000000000000e-01
1.000000000000000000e+02
1.612500000000000000e+01
1.196250000000000000e+02
2.050000000000000000e+01
1.697500000000000000e+02
6.675000000000000000e+01
8.250000000000000000e+00
6.250000000000000000e+00
7.875000000000000000e+00
2.400000000000000000e+01
1.400000000000000000e+01
1.187500000000000000e+01
1.772500000000000000e+02
2.312500000000000000e+01
1.296250000000000000e+02
1.887500000000000000e+01
1.707500000000000000e+02
1.375000000000000000e+02
1.000000000000000000e+01
1.987500000000000000e+01
1.337500000000000000e+01
3.000000000000000000e+01
1.770000000000000000e+02
2.500000000000000000e+00
8.875000000000000000e+00
1.406250000000000000e+02
5.000000000000000000e+00
1.265000000000000000e+02
2.625000000000000000e+00
3.000000000000000000e+00
1.250000000000000000e+00
3.250000000000000000e+00
4.375000000000000000e+00
1.122500000000000000e+02
1.780000000000000000e+02
1.483750000000000000e+02
2.500000000000000000e+00
2.850000000000000000e+01
6.625000000000000000e+00
2.687500000000000000e+01
6.625000000000000000e+00
6.025000000000000000e+01
1.237500000000000000e+01
1.373750000000000000e+02
5.037500000000000000e+01
1.262500000000000000e+01
1.596250000000000000e+02
0.000000000000000000e+00
1.238750000000000000e+02
7.387500000000000000e+01
5.500000000000000000e+00
1.750000000000000000e+00
1.087500000000000000e+01
2.462500000000000000e+01
1.198750000000000000e+02
2.375000000000000000e+00
1.162500000000000000e+01
4.975000000000000000e+01
1.111250000000000000e+02
2.250000000000000000e+00
2.750000000000000000e+00
1.742500000000000000e+02
1.113750000000000000e+02
1.612500000000000000e+01
1.460000000000000000e+02
3.637500000000000000e+01
1.536250000000000000e+02
1.287500000000000000e+01
2.375000000000000000e+00
3.425000000000000000e+01
1.646250000000000000e+02
1.622500000000000000e+02
2.450000000000000000e+01
2.837500000000000000e+01
4.712500000000000000e+01
5.375000000000000000e+00
7.975000000000000000e+01
2.800000000000000000e+01
8.500000000000000000e+00
1.300000000000000000e+01
9.900000000000000000e+01
1.405000000000000000e+02
1.626250000000000000e+02
1.683750000000000000e+02
1.628750000000000000e+02
2.775000000000000000e+01
1.583750000000000000e+02
3.750000000000000000e-01
4.087500000000000000e+01
1.287500000000000000e+01
1.698750000000000000e+02
2.512500000000000000e+01
3.587500000000000000e+01
8.625000000000000000e+00
1.552500000000000000e+02
7.000000000000000000e+00
5.512500000000000000e+01
1.625000000000000000e+01
1.587500000000000000e+01
1.248750000000000000e+02
1.837500000000000000e+01
1.268750000000000000e+02
2.275000000000000000e+01
1.706250000000000000e+02
1.437500000000000000e+02
1.476250000000000000e+02
1.012500000000000000e+01
1.716250000000000000e+02
1.263750000000000000e+02
2.262500000000000000e+01
1.298750000000000000e+02
2.937500000000000000e+01
1.725000000000000000e+02
8.562500000000000000e+01
5.000000000000000000e+01
2.762500000000000000e+01
7.862500000000000000e+01
2.600000000000000000e+01
1.536250000000000000e+02
1.736250000000000000e+02
1.480000000000000000e+02
1.075000000000000000e+02
3.837500000000000000e+01
9.475000000000000000e+01
5.237500000000000000e+01
1.362500000000000000e+01
1.765000000000000000e+02
1.093750000000000000e+02

median is 35.875 degrees