# Delta Yaws (degrees)
1.050000000000000000e+01
6.375000000000000000e+01
1.288750000000000000e+02
5.125000000000000000e+01
1.191250000000000000e+02
3.237500000000000000e+01
6.250000000000000000e-01
1.320000000000000000e+02
2.000000000000000000e+01
1.681250000000000000e+02
3.500000000000000000e+00
1.727500000000000000e+02
3.050000000000000000e+01
1.496250000000000000e+02
1.056250000000000000e+02
2.500000000000000000e-01
5.425000000000000000e+01
2.775000000000000000e+01
1.500000000000000000e+01
7.125000000000000000e+00
8.875000000000000000e+00
1.762500000000000000e+02
2.537500000000000000e+01
1.275000000000000000e+01
5.400000000000000000e+01
3.062500000000000000e+01
1.133750000000000000e+02
6.125000000000000000e+00
1.090000000000000000e+02
1.032500000000000000e+02
1.101250000000000000e+02
8.250000000000000000e+00
1.283750000000000000e+02
1.100000000000000000e+01
1.688750000000000000e+02
1.606250000000000000e+02
1.357500000000000000e+02
1.568750000000000000e+02
1.581250000000000000e+02
2.137500000000000000e+01
1.462500000000000000e+01
9.412500000000000000e+01
4.562500000000000000e+01
9.612500000000000000e+01
6.625000000000000000e+00
4.250000000000000000e+00
7.725000000000000000e+01
1.593750000000000000e+02
1.812500000000000000e+01
1.075000000000000000e+01
4.287500000000000000e+01
5.625000000000000000e+00
1.096250000000000000e+02
1.638750000000000000e+02
1.702500000000000000e+02
1.755000000000000000e+02
2.137500000000000000e+01
2.625000000000000000e+00
4.350000000000000000e+01
6.100000000000000000e+01
1.400000000000000000e+01
1.262500000000000000e+01
1.776250000000000000e+02
2.625000000000000000e+00
3.625000000000000000e+00
1.252500000000000000e+02
7.500000000000000000e+00
1.162500000000000000e+01
1.496250000000000000e+02
1.500000000000000000e+01
1.330000000000000000e+02
1.761250000000000000e+02
7.125000000000000000e+00
1.795000000000000000e+02
1.660000000000000000e+02
6.550000000000000000e+01
1.656250000000000000e+02
1.100000000000000000e+01
1.126250000000000000e+02
1.706250000000000000e+02
1.125000000000000000e+00
1.505000000000000000e+02
3.250000000000000000e+00
6.400000000000000000e+01
2.750000000000000000e+00
1.792500000000000000e+02
1.712500000000000000e+01
1.525000000000000000e+01
3.475000000000000000e+01
1.723750000000000000e+02
3.425000000000000000e+01
6.625000000000000000e+00
1.361250000000000000e+02
7.125000000000000000e+00
8.250000000000000000e+00
3.375000000000000000e+00
1.705000000000000000e+02
3.875000000000000000e+00
2.375000000000000000e+00
1.725000000000000000e+01
8.025000000000000000e+01
4.625000000000000000e+00
3.837500000000000000e+01
1.728750000000000000e+02
5.512500000000000000e+01
5.625000000000000000e+00
1.875000000000000000e+00
1.025000000000000000e+01
1.387500000000000000e+02
3.562500000000000000e+01
1.437500000000000000e+01
9.562500000000000000e+01
5.800000000000000000e+01
2.525000000000000000e+01
1.287500000000000000e+01
1.778750000000000000e+02
1.125000000000000000e+00
1.800000000000000000e+01
2.075000000000000000e+01
6.250000000000000000e-01
1.788750000000000000e+02
4.162500000000000000e+01
1.762500000000000000e+01
1.206250000000000000e+02
1.275000000000000000e+01
5.112500000000000000e+01
1.050000000000000000e+02
1.561250000000000000e+02
5.000000000000000000e-01
2.275000000000000000e+01
4.750000000000000000e+00
1.330000000000000000e+02
3.075000000000000000e+01
1.482500000000000000e+02
4.037500000000000000e+01
3.750000000000000000e+00
2.075000000000000000e+01
2.287500000000000000e+01
6.000000000000000000e+00
8.812500000000000000e+01
4.550000000000000000e+01
1.787500000000000000e+01
2.312500000000000000e+01
1.825000000000000000e+01
6.750000000000000000e+00
3.125000000000000000e+01
2.150000000000000000e+01
8.375000000000000000e+01
1.525000000000000000e+01
1.693750000000000000e+02
1.790000000000000000e+02
1.800000000000000000e+01
2.100000000000000000e+01
2.262500000000000000e+01
1.750000000000000000e+00
1.788750000000000000e+02
1.300000000000000000e+01
4.500000000000000000e+01
3.125000000000000000e+00
1.413750000000000000e+02
7.625000000000000000e+00
1.760000000000000000e+02
1.590000000000000000e+02
4.250000000000000000e+00
1.875000000000000000e+01
1.687500000000000000e+01
4.050000000000000000e+01
7.887500000000000000e+01
2.137500000000000000e+01
9.912500000000000000e+01
1.236250000000000000e+02
1.750000000000000000e+00
1.793750000000000000e+02
1.667500000000000000e+02
6.125000000000000000e+00
4.737500000000000000e+01
1.442500000000000000e+02


Mean Delta Yaw Error: 65.38629943502825
Standard Deviation of Delta Yaw Error: 63.675175259724774
Median Delta Yaw Error: 34.25
